A	Z	Atomic Mass [micro-u]
1	0	1008664.916
1	1	1007825.032
2	1	2014101.778
3	1	3016049.281
4	1	4026431.867
5	1	5035311.492
6	1	6044955.437
7	1	7052749
3	2	3016029.322
4	2	4002603.254
5	2	5012057.224
6	2	6018885.889
7	2	7027990.652
8	2	8033934.388
9	2	9043946.414
10	2	10052815.31
3	3	3030775
4	3	4027185.561
5	3	5012537.8
6	3	6015122.887
7	3	7016003.434
8	3	8022486.244
9	3	9026790.191
10	3	10035483.45
11	3	11043723.58
12	3	12052613.94
13	3	13061171.5
5	4	5039870
6	4	6019726.409
7	4	7016928.714
8	4	8005305.102
9	4	9012183.062
10	4	10013534.69
11	4	11021661.08
12	4	12026922.08
13	4	13036134.51
14	4	14042892.92
15	4	15053490.22
16	4	16061672.04
6	5	6050800
7	5	7029712
8	5	8024607.315
9	5	9013329.645
10	5	10012936.86
11	5	11009305.17
12	5	12014352.64
13	5	13017779.98
14	5	14025404.01
15	5	15031087.02
16	5	16039841.05
17	5	17046931.4
18	5	18055601.68
19	5	19064166
20	5	20074505.64
21	5	21084147.49
8	6	8037643.039
9	6	9031037.202
10	6	10016853.22
11	6	11011432.6
12	6	12000000
13	6	13003354.84
14	6	14003241.99
15	6	15010599.26
16	6	16014701.26
17	6	17022578.65
18	6	18026751.93
19	6	19034797.59
20	6	20040261.73
21	6	21049000
22	6	22057553.99
23	6	23068890
10	7	10041653.54
11	7	11026157.59
12	7	12018613.18
13	7	13005738.61
14	7	14003074
15	7	15000108.9
16	7	16006101.93
17	7	17008448.88
18	7	18014077.56
19	7	19017022.39
20	7	20023367.3
21	7	21027087.57
22	7	22034100.92
23	7	23039421
24	7	24050390
25	7	25060100
11	8	11051249.83
12	8	12034367.73
13	8	13024815.44
14	8	14008596.71
15	8	15003065.64
16	8	15994914.62
17	8	16999131.76
18	8	17999159.61
19	8	19003577.97
20	8	20004075.36
21	8	21008654.95
22	8	22009965.74
23	8	23015696.69
24	8	24019861
25	8	25029338.92
26	8	26037210.16
27	8	27047955
28	8	28055910
13	9	13045121
14	9	14034315.2
15	9	15017785.14
16	9	16011460.28
17	9	17002095.24
18	9	18000937.32
19	9	18998403.16
20	9	19999981.25
21	9	20999948.89
22	9	22002998.81
23	9	23003526.88
24	9	24008099.37
25	9	25012167.73
26	9	26020048.07
27	9	27026981.9
28	9	28035860.45
29	9	29043103
30	9	30052561
31	9	31061023
15	10	15043172.98
16	10	16025750.86
17	10	17017713.96
18	10	18005708.7
19	10	19001880.91
20	10	19992440.18
21	10	20993846.69
22	10	21991385.11
23	10	22994466.91
24	10	23993610.65
25	10	24997814.8
26	10	26000516.5
27	10	27007569.46
28	10	28012130.77
29	10	29019753
30	10	30024992.24
31	10	31033474.82
32	10	32039720
33	10	33049523
34	10	34056728
17	11	17037273
18	11	18026879.39
19	11	19013880.26
20	11	20007354.3
21	11	20997654.46
22	11	21994437.55
23	11	22989769.28
24	11	23990963.01
25	11	24989953.97
26	11	25992634.65
27	11	26994076.41
28	11	27998939
29	11	29002877.09
30	11	30009097.93
31	11	31013146.65
32	11	32020011.02
33	11	33025529
34	11	34034010
35	11	35040614
36	11	36049279
37	11	37057042
38	11	38066458
39	11	39075123
19	12	19034179.92
20	12	20018763.08
21	12	21011705.76
22	12	21999570.6
23	12	22994123.77
24	12	23985041.69
25	12	24985836.97
26	12	25982592.97
27	12	26984340.65
28	12	27983875.43
29	12	28988607.16
30	12	29990465.45
31	12	30996648.23
32	12	31999110.14
33	12	33005327.86
34	12	34008935.46
35	12	35016790
36	12	36021879
37	12	37030286.27
38	12	38036580
39	12	39045921
40	12	40053194
41	12	41062373
21	13	21029082
22	13	22019540
23	13	23007244.35
24	13	23999947.6
25	13	24990428.31
26	13	25986891.88
27	13	26981538.41
28	13	27981910.01
29	13	28980453.16
30	13	29982969.17
31	13	30983949.75
32	13	31988084.34
33	13	32990877.69
34	13	33996781.92
35	13	34999759.82
36	13	36006388
37	13	37010531
38	13	38017681
39	13	39023070
40	13	40030940
41	13	41037134
42	13	42045078
43	13	43051820
22	14	22036114
23	14	23025711
24	14	24011535.43
25	14	25004108.8
26	14	25992333.82
27	14	26986704.69
28	14	27976926.53
29	14	28976494.66
30	14	29973770.14
31	14	30975363.2
32	14	31974151.54
33	14	32977976.96
34	14	33978538.05
35	14	34984550.11
36	14	35986649.27
37	14	36992945.19
38	14	37995523
39	14	39002491
40	14	40006083.64
41	14	41014171
42	14	42018078
43	14	43026119
44	14	44031466
45	14	45039818
24	15	24036522
25	15	25021675
26	15	26011780
27	15	26999292.5
28	15	27992326.46
29	15	28981800.37
30	15	29978313.49
31	15	30973762
32	15	31973907.64
33	15	32971725.69
34	15	33973645.89
35	15	34973314.05
36	15	35978259.61
37	15	36979606.94
38	15	37984303.11
39	15	38986285.87
40	15	39991262.22
41	15	40994654
42	15	42001172.14
43	15	43005411
44	15	44011927
45	15	45017134
46	15	46024520
47	15	47030929
26	16	26029716
27	16	27018777
28	16	28004372.76
29	16	28996678
30	16	29984906.77
31	16	30979557
32	16	31972071.17
33	16	32971458.91
34	16	33967867.01
35	16	34969032.32
36	16	35967080.69
37	16	36971125.5
38	16	37971163.3
39	16	38975133.85
40	16	39975482.56
41	16	40979593.45
42	16	41981065.1
43	16	42986907.64
44	16	43990118.85
45	16	44996414
46	16	46000687
47	16	47007730
48	16	48013301
49	16	49021891
28	17	28030349
29	17	29015053
30	17	30005018.33
31	17	30992448.1
32	17	31985684.61
33	17	32977451.99
34	17	33973762.49
35	17	34968852.69
36	17	35968306.82
37	17	36965902.57
38	17	37968010.41
39	17	38968008.15
40	17	39970415.47
41	17	40970684.53
42	17	41973342
43	17	42974063.7
44	17	43978014.92
45	17	44980394.35
46	17	45985254.93
47	17	46989715
48	17	47995405
49	17	49000794
50	17	50008266
51	17	51015341
52	17	52024004
29	18	29040761
30	18	30023694
31	18	31012158
32	18	31997637.82
33	18	32989925.55
34	18	33980270.09
35	18	34975257.72
36	18	35967545.11
37	18	36966776.3
38	18	37962732.1
39	18	38964313.04
40	18	39962383.12
41	18	40964500.57
42	18	41963045.74
43	18	42965636.06
44	18	43964923.81
45	18	44968039.73
46	18	45968039.24
47	18	46972767.11
48	18	47976001
49	18	48981685
50	18	49985797
51	18	50993033
52	18	51998519
53	18	53007290
54	18	54013484
31	19	31036780
32	19	32023607
33	19	33008095
34	19	33998690
35	19	34988005.41
36	19	35981301.89
37	19	36973375.89
38	19	37969081.11
39	19	38963706.48
40	19	39963998.17
41	19	40961825.26
42	19	41962402.31
43	19	42960734.7
44	19	43961586.98
45	19	44960691.49
46	19	45961981.58
47	19	46961661.61
48	19	47965341.18
49	19	48968210.75
50	19	49972380.02
51	19	50975828.66
52	19	51981602
53	19	52986800
54	19	53994471
55	19	55000505
56	19	56008567
57	19	57015169
58	19	58023543
59	19	59030864
33	20	33033312
34	20	34015985
35	20	35005572
36	20	35993074.39
37	20	36985897.85
38	20	37976319.22
39	20	38970710.81
40	20	39962590.85
41	20	40962277.91
42	20	41958617.78
43	20	42958766.38
44	20	43955481.49
45	20	44956186.27
46	20	45953687.73
47	20	46954541.13
48	20	47952522.65
49	20	48955662.63
50	20	49957499.22
51	20	50960995.66
52	20	51963213.65
53	20	52968451
54	20	53972989
55	20	54979978
56	20	55985496
57	20	56992958
58	20	57998357
59	20	59006237
60	20	60011809
61	20	61020408
35	21	35029093
36	21	36017338
37	21	37004058
38	21	37995438
39	21	38984784.95
40	21	39977967.28
41	21	40969251.16
42	21	41965516.69
43	21	42961150.43
44	21	43959402.82
45	21	44955907.05
46	21	45955167.03
47	21	46952402.44
48	21	47952222.9
49	21	48950013.16
50	21	49952187.44
51	21	50953568.84
52	21	51956496.17
53	21	52958379.17
54	21	53963029.36
55	21	54966889.64
56	21	55972607.61
57	21	56977048
58	21	57983382
59	21	58988374
60	21	59995115
61	21	61000537
62	21	62007848
63	21	63014031
37	22	37027021
38	22	38012206
39	22	39002684
40	22	39990345.15
41	22	40983148
42	22	41973049.37
43	22	42968528.42
44	22	43959689.94
45	22	44958120.76
46	22	45952626.36
47	22	46951757.49
48	22	47947940.68
49	22	48947864.39
50	22	49944785.62
51	22	50946609.47
52	22	51946883.51
53	22	52949670.71
54	22	53950892
55	22	54955091
56	22	55957677.68
57	22	56963068.1
58	22	57966808.52
59	22	58972217
60	22	59976275
61	22	60982426
62	22	61986903
63	22	62993709
64	22	63998411
65	22	65005593
39	23	39024230
40	23	40013387
41	23	41000333
42	23	41991820
43	23	42980766
44	23	43974440.98
45	23	44965768.5
46	23	45960197.39
47	23	46954903.56
48	23	47952250.9
49	23	48948510.51
50	23	49947156.68
51	23	50943957.66
52	23	51944773.64
53	23	52944334.94
54	23	53946432.01
55	23	54947262
56	23	55950420.08
57	23	56952297
58	23	57956595.99
59	23	58959623.34
60	23	59964479.22
61	23	60967603.53
62	23	61972932.56
63	23	62976661
64	23	63982480
65	23	64986999
66	23	65993237
67	23	66998128
41	24	41021911
42	24	42007579
43	24	42997885
44	24	43985591
45	24	44979050
46	24	45968360.97
47	24	46962895
48	24	47954029.43
49	24	48951333.72
50	24	49946042.21
51	24	50944765.39
52	24	51940504.71
53	24	52940646.3
54	24	53938877.36
55	24	54940836.64
56	24	55940648.98
57	24	56943612.11
58	24	57944184.5
59	24	58948345.43
60	24	59949641.66
61	24	60954378.13
62	24	61956142.92
63	24	62961161
64	24	63963886
65	24	64969608
66	24	65973011
67	24	66979313
68	24	67983156
69	24	68989662
70	24	69993945
43	25	43018647
44	25	44008009
45	25	44994654
46	25	45986669
47	25	46975774
48	25	47968548.76
49	25	48959613.35
50	25	49954238.16
51	25	50948208.77
52	25	51945559.09
53	25	52941287.5
54	25	53940355.77
55	25	54938043.04
56	25	55938902.82
57	25	56938285.94
58	25	57940066.64
59	25	58940391.11
60	25	59943136.57
61	25	60944452.54
62	25	61947907.38
63	25	62949664.67
64	25	63953849.37
65	25	64956019.75
66	25	65960546.83
67	25	66963950
68	25	67968953
69	25	68972775
70	25	69978046
71	25	70982158
72	25	71988009
73	25	72992807
45	26	45015467
46	26	46001299
47	26	46992346
48	26	47980667
49	26	48973429
50	26	49962988
51	26	50956855.14
52	26	51948113.36
53	26	52945305.63
54	26	53939608.19
55	26	54938291.16
56	26	55934935.54
57	26	56935391.95
58	26	57933273.58
59	26	58934873.49
60	26	59934070.25
61	26	60936746.24
62	26	61936791.81
63	26	62940272.7
64	26	63940987.76
65	26	64945015.32
66	26	65946249.96
67	26	66950930
68	26	67952875
69	26	68957918
70	26	69960397
71	26	70965722
72	26	71968599
73	26	72974246
74	26	73977821
75	26	74984219
76	26	75988631
47	27	47011401
48	27	48001857
49	27	48989501
50	27	49981117
51	27	50970647
52	27	51963130.22
53	27	52954203.28
54	27	53948459.08
55	27	54941996.42
56	27	55939838.03
57	27	56936289.82
58	27	57935751.29
59	27	58933193.52
60	27	59933815.54
61	27	60932476.03
62	27	61934058.2
63	27	62933599.63
64	27	63935810.18
65	27	64936462.07
66	27	65939442.94
67	27	66940609.63
68	27	67944559.4
69	27	68945909
70	27	69950053.4
71	27	70952366.92
72	27	71956736
73	27	72959238
74	27	73963993
75	27	74967192
76	27	75972453
77	27	76976479
78	27	77983553
48	28	48019515
49	28	49009157
50	28	49996286
51	28	50987493
52	28	51975781
53	28	52968190
54	28	53957833
55	28	54951329.85
56	28	55942127.76
57	28	56939791.39
58	28	57935341.65
59	28	58934345.44
60	28	59930785.13
61	28	60931054.82
62	28	61928344.75
63	28	62929669.02
64	28	63927966.23
65	28	64930084.59
66	28	65929139.33
67	28	66931569.41
68	28	67931868.79
69	28	68935610.27
70	28	69936431.3
71	28	70940518.96
72	28	71941785.92
73	28	72946206.68
74	28	73947718
75	28	74952506
76	28	75954707
77	28	76959903
78	28	77962555
79	28	78969769
80	28	79975051
81	28	80982727
82	28	81988492
52	29	51997982
53	29	52985894
54	29	53977198
55	29	54966038
56	29	55958529.28
57	29	56949211.69
58	29	57944532.28
59	29	58939496.71
60	29	59937363.79
61	29	60933457.38
62	29	61932594.8
63	29	62929597.12
64	29	63929764
65	29	64927789.48
66	29	65928868.8
67	29	66927729.49
68	29	67929610.89
69	29	68929429.27
70	29	69932392.08
71	29	70932676.83
72	29	71935820.31
73	29	72936674.38
74	29	73939874.86
75	29	74941523.82
76	29	75945268.97
77	29	76947543.6
78	29	77951916.52
79	29	78954473.1
80	29	79960623
81	29	80965743
82	29	81972378
83	29	82978110
84	29	83985271
54	30	53993879
55	30	54984681
56	30	55972743
57	30	56965056
58	30	57954590.3
59	30	58949311.89
60	30	59941841.32
61	30	60939506.96
62	30	61934333.36
63	30	62933211.14
64	30	63929141.78
65	30	64929240.53
66	30	65926033.64
67	30	66927127.42
68	30	67924844.23
69	30	68926550.36
70	30	69925319.18
71	30	70927719.58
72	30	71926842.81
73	30	72929582.58
74	30	73929407.26
75	30	74932840.24
76	30	75933114.96
77	30	76936887.2
78	30	77938289.2
79	30	78942638.07
80	30	79944552.93
81	30	80950402.62
82	30	81954574.1
83	30	82961041
84	30	83965829
85	30	84973054
86	30	85978463
56	31	55995878
57	31	56983457
58	31	57974729
59	31	58963757
60	31	59957498
61	31	60949398.86
62	31	61944189.64
63	31	62939294.19
64	31	63936840.37
65	31	64932734.42
66	31	65931589.77
67	31	66928202.28
68	31	67927980.16
69	31	68925573.53
70	31	69926021.91
71	31	70924702.55
72	31	71926367.45
73	31	72925174.68
74	31	73926945.73
75	31	74926504.48
76	31	75928827.62
77	31	76929154.3
78	31	77931610.85
79	31	78932851.58
80	31	79936420.77
81	31	80938133.84
82	31	81943176.53
83	31	82947120.3
84	31	83952663
85	31	84957333
86	31	85963757
87	31	86969007
88	31	87975963
58	32	57991863
59	32	58982426
60	32	59970445
61	32	60963725
62	32	61954761
63	32	62949628
64	32	63941689.91
65	32	64939368.14
66	32	65933862.12
67	32	66932717
68	32	67928095.31
69	32	68927964.47
70	32	69924248.54
71	32	70924952.12
72	32	71922075.82
73	32	72923458.95
74	32	73921177.76
75	32	74922858.37
76	32	75921402.73
77	32	76923549.84
78	32	77922852.91
79	32	78925359.51
80	32	79925350.77
81	32	80928832.94
82	32	81929774.03
83	32	82934539.1
84	32	83937575.09
85	32	84942969.66
86	32	85946967
87	32	86953204
88	32	87957574
89	32	88964530
90	32	89969436
60	33	59993945
61	33	60981535
62	33	61973784
63	33	62964036
64	33	63957560
65	33	64949611
66	33	65944148.78
67	33	66939251.11
68	33	67936774.13
69	33	68932246.29
70	33	69930934.64
71	33	70927113.59
72	33	71926752.29
73	33	72923829.09
74	33	73923928.6
75	33	74921594.56
76	33	75922392.01
77	33	76920647.56
78	33	77921827.77
79	33	78920948.42
80	33	79922474.44
81	33	80922132.29
82	33	81924738.73
83	33	82925206.9
84	33	83929303.29
85	33	84932163.66
86	33	85936701.53
87	33	86940291.72
88	33	87945840
89	33	88950048
90	33	89955995
91	33	90960816
92	33	91967386
63	34	62981911
64	34	63971165
65	34	64964552
66	34	65955276
67	34	66949994
68	34	67941825.24
69	34	68939414.85
70	34	69933515.52
71	34	70932209.43
72	34	71927140.51
73	34	72926754.88
74	34	73922475.93
75	34	74922522.87
76	34	75919213.7
77	34	76919914.15
78	34	77917309.24
79	34	78918499.25
80	34	79916521.76
81	34	80917993.02
82	34	81916699.53
83	34	82919118.6
84	34	83918466.76
85	34	84922260.76
86	34	85924311.73
87	34	86928688.62
88	34	87931417.49
89	34	88936669.06
90	34	89940096
91	34	90945700
92	34	91949840
93	34	92956135
94	34	93960490
95	34	94967300
65	35	64982297
66	35	65974697
67	35	66965078
68	35	67958356
69	35	68950338.41
70	35	69944792.32
71	35	70939342.15
72	35	71936594.61
73	35	72931673.44
74	35	73929910.28
75	35	74925810.57
76	35	75924541.57
77	35	76921379.19
78	35	77921145.86
79	35	78918337.57
80	35	79918529.78
81	35	80916288.2
82	35	81916801.75
83	35	82915175.29
84	35	83916496.42
85	35	84915645.76
86	35	85918805.43
87	35	86920674.02
88	35	87924083.29
89	35	88926704.56
90	35	89931292.85
91	35	90934398.62
92	35	91939631.6
93	35	92943220
94	35	93948846
95	35	94952925
96	35	95958980
97	35	96963499
98	35	97969887
67	36	66983305
68	36	67972489
69	36	68965496
70	36	69955877
71	36	70950265.7
72	36	71942092.41
73	36	72939289.19
74	36	73933084.02
75	36	74930945.74
76	36	75925910.74
77	36	76924670
78	36	77920366.34
79	36	78920082.92
80	36	79916377.94
81	36	80916589.7
82	36	81913481.15
83	36	82914126.52
84	36	83911497.73
85	36	84912527.26
86	36	85910610.62
87	36	86913354.76
88	36	87914447.88
89	36	88917835.45
90	36	89919527.93
91	36	90923806.31
92	36	91926173.09
93	36	92931147.17
94	36	93934140.45
95	36	94939710.92
96	36	95943014.47
97	36	96949088.78
98	36	97952635
99	36	98958776
100	36	99962995
101	36	100969318
71	37	70965335
72	37	71958851
73	37	72950604.51
74	37	73944265.87
75	37	74938573.2
76	37	75935073.03
77	37	76930401.6
78	37	77928141.87
79	37	78923990.1
80	37	79922516.44
81	37	80918993.9
82	37	81918209.02
83	37	82915114.18
84	37	83914375.22
85	37	84911789.74
86	37	85911167.44
87	37	86909180.53
88	37	87911315.59
89	37	88912278.14
90	37	89914797.56
91	37	90916537.26
92	37	91919728.48
93	37	92922039.33
94	37	93926394.82
95	37	94929263.85
96	37	95934133.4
97	37	96937177.12
98	37	97941632.32
99	37	98945119.19
100	37	99950331.53
101	37	100954302
102	37	101960008
103	37	102964401
104	37	103970531
73	38	72965700
74	38	73956170
75	38	74949952.77
76	38	75941762.76
77	38	76937945.45
78	38	77932179.98
79	38	78929704.69
80	38	79924517.54
81	38	80923211.39
82	38	81918399.85
83	38	82917554.37
84	38	83913419.12
85	38	84912932.04
86	38	85909260.72
87	38	86908877.49
88	38	87905612.25
89	38	88907450.81
90	38	89907727.87
91	38	90910195.94
92	38	91911038.22
93	38	92914024.31
94	38	93915355.64
95	38	94919358.28
96	38	95921719.05
97	38	96926375.62
98	38	97928692.64
99	38	98932883.6
100	38	99935783.27
101	38	100940606.3
102	38	101944004.7
103	38	102949243
104	38	103953022
105	38	104959001
106	38	105963177
107	38	106969672
75	39	74965840
76	39	75958937
77	39	76950146
78	39	77943990
79	39	78937946
80	39	79934354.75
81	39	80929454.28
82	39	81926930.19
83	39	82922484.03
84	39	83920671.06
85	39	84916433.04
86	39	85914886.1
87	39	86910876.1
88	39	87909501.27
89	39	88905838.16
90	39	89907141.75
91	39	90907298.05
92	39	91908945.75
93	39	92909578.43
94	39	93911592.06
95	39	94912819.7
96	39	95915909.31
97	39	96918286.7
98	39	97922394.84
99	39	98924160.84
100	39	99927727.68
101	39	100930160.8
102	39	101934328.5
103	39	102937243.8
104	39	103941943
105	39	104945711
106	39	105950842
107	39	106954943
108	39	107960515
109	39	108965131
77	40	76966076
78	40	77956146
79	40	78949790
80	40	79941213
81	40	80938245
82	40	81931707.5
83	40	82929240.93
84	40	83923325.66
85	40	84921443.2
86	40	85916296.81
87	40	86914817.34
88	40	87910220.72
89	40	88908879.75
90	40	89904698.76
91	40	90905640.21
92	40	91905035.34
93	40	92906470.66
94	40	93906312.52
95	40	94908040.28
96	40	95908277.62
97	40	96910963.8
98	40	97912740.45
99	40	98916675.08
100	40	99918010.5
101	40	100921458.5
102	40	101923154.2
103	40	102927204.1
104	40	103929449.2
105	40	104934021.8
106	40	105936930
107	40	106942007
108	40	107945303
109	40	108950907
110	40	109954675
111	40	110960837
112	40	111965196
113	40	112971723
79	41	78966022
80	41	79958754
81	41	80950230
82	41	81944380
83	41	82938150
84	41	83934305.71
85	41	84928845.84
86	41	85925781.54
87	41	86920692.47
88	41	87918226.48
89	41	88913444.7
90	41	89911259.2
91	41	90906990.26
92	41	91907188.58
93	41	92906373.17
94	41	93907279
95	41	94906831.11
96	41	95908101.59
97	41	96908101.62
98	41	97910332.65
99	41	98911609.38
100	41	99914340.58
101	41	100915306.5
102	41	101918090.4
103	41	102919453.4
104	41	103922907.7
105	41	104924942.6
106	41	105928928.5
107	41	106931589.7
108	41	107936075.6
109	41	108939141
110	41	109943843
111	41	110947439
112	41	111952689
113	41	112956833
114	41	113962469
115	41	114966849
116	41	115972914
81	42	80966226
82	42	81956661
83	42	82950252
84	42	83941846
85	42	84938260.74
86	42	85931174.09
87	42	86928196.2
88	42	87921967.78
89	42	88919468.15
90	42	89913931.27
91	42	90911745.19
92	42	91906807.15
93	42	92906808.77
94	42	93905083.59
95	42	94905837.44
96	42	95904674.77
97	42	96906016.9
98	42	97905403.61
99	42	98907707.3
100	42	99907467.98
101	42	100910337.6
102	42	101910293.7
103	42	102913092
104	42	103913747.4
105	42	104916982
106	42	105918273.2
107	42	106922119.8
108	42	107924047.5
109	42	108928438.3
110	42	109930718
111	42	110935652
112	42	111938293
113	42	112943478
114	42	113946666
115	42	114952174
116	42	115955759
117	42	116961686
118	42	117965249
119	42	118971465
83	43	82966377
84	43	83959527
85	43	84950778
86	43	85944637
87	43	86938067.19
88	43	87933794.21
89	43	88927648.65
90	43	89924073.92
91	43	90918424.97
92	43	91915269.78
93	43	92910245.15
94	43	93909652.32
95	43	94907652.28
96	43	95907866.68
97	43	96906360.72
98	43	97907211.21
99	43	98906249.68
100	43	99907652.72
101	43	100907305.3
102	43	101909207.2
103	43	102909174
104	43	103911433.7
105	43	104911662
106	43	105914356.7
107	43	106915458.4
108	43	107918493.5
109	43	108920254.1
110	43	109923741.3
111	43	110925899
112	43	111929941.7
113	43	112932569
114	43	113937090
115	43	114940100
116	43	115945020
117	43	116948320
118	43	117953526
119	43	118956876
120	43	119962426
121	43	120966140
122	43	121971760
85	44	84967117
86	44	85957305
87	44	86950907
88	44	87941664
89	44	88937337.85
90	44	89930344.38
91	44	90926741.53
92	44	91920234.37
93	44	92917104.44
94	44	93911342.86
95	44	94910404.42
96	44	95907588.91
97	44	96907545.78
98	44	97905286.71
99	44	98905930.28
100	44	99904210.46
101	44	100905573.1
102	44	101904340.3
103	44	102906314.8
104	44	103905425.3
105	44	104907745.5
106	44	105907328.2
107	44	106909969.8
108	44	107910185.8
109	44	108913323.7
110	44	109914038.5
111	44	110917567.6
112	44	111918806.9
113	44	112922846.7
114	44	113924614.4
115	44	114929033
116	44	115931219.2
117	44	116936135
118	44	117938808
119	44	118944090
120	44	119946623
121	44	120952098
122	44	121955147
123	44	122960762
124	44	123963940
125	44	124969544
88	45	87960429
89	45	88950992
90	45	89944569
91	45	90937123
92	45	91932367.69
93	45	92925912.78
94	45	93921730.45
95	45	94915897.89
96	45	95914451.71
97	45	96911327.87
98	45	97910707.73
99	45	98908121.24
100	45	99908114.15
101	45	100906158.9
102	45	101906834.3
103	45	102905494.1
104	45	103906645.3
105	45	104905687.8
106	45	105907285.9
107	45	106906748
108	45	107908715.3
109	45	108908749.6
110	45	109911079.7
111	45	110911643.2
112	45	111914405.2
113	45	112915440.2
114	45	113918721.7
115	45	114920311.6
116	45	115924062.1
117	45	116926036.3
118	45	117930341.1
119	45	118932557
120	45	119937069
121	45	120939613
122	45	121944305
123	45	122947192
124	45	123952002
125	45	124955094
126	45	125960064
127	45	126963789
128	45	127970649
90	46	89957370
91	46	90950435
92	46	91941192.23
93	46	92936680.43
94	46	93929036.29
95	46	94924888.51
96	46	95918213.74
97	46	96916471.99
98	46	97912698.34
99	46	98911773.07
100	46	99908520.44
101	46	100908284.8
102	46	101905632.3
103	46	102906111.1
104	46	103904030.4
105	46	104905079.5
106	46	105903480.3
107	46	106905128.1
108	46	107903891.8
109	46	108905950.6
110	46	109905172.9
111	46	110907690.4
112	46	111907330.6
113	46	112910261.9
114	46	113910369.4
115	46	114913659.3
116	46	115914297.9
117	46	116917955.6
118	46	117919067.3
119	46	118923341.1
120	46	119924551.7
121	46	120928950.3
122	46	121930631.7
123	46	122935126
124	46	123937305
125	46	124942072
126	46	125944401
127	46	126949307
128	46	127952345
129	46	128959334
130	46	129964863
131	46	130972367
92	47	91959710
93	47	92950188
94	47	93943744
95	47	94935688
96	47	95930743.9
97	47	96923881.4
98	47	97921559.97
99	47	98917645.77
100	47	99916115.44
101	47	100912684
102	47	101911704.5
103	47	102908960.6
104	47	103908623.7
105	47	104906525.6
106	47	105906663.5
107	47	106905091.5
108	47	107905950.2
109	47	108904755.8
110	47	109906110.7
111	47	110905296.8
112	47	111907048.5
113	47	112906572.9
114	47	113908823
115	47	114908767.4
116	47	115911386.8
117	47	116911774.1
118	47	117914595.5
119	47	118915570.3
120	47	119918784.8
121	47	120920125.3
122	47	121923664.4
123	47	122925315.1
124	47	123928899.2
125	47	124930735
126	47	125934814
127	47	126937037
128	47	127941266
129	47	128944315
130	47	129950727
131	47	130956253
132	47	131963070
133	47	132968781
94	48	93956586
95	48	94949483
96	48	95940341
97	48	96934799.34
98	48	97927389.32
99	48	98924925.85
100	48	99920348.83
101	48	100918586.2
102	48	101914481.8
103	48	102913416.9
104	48	103909856.2
105	48	104909463.9
106	48	105906459.8
107	48	106906612
108	48	107904183.6
109	48	108904986.7
110	48	109903007.5
111	48	110904183.8
112	48	111902763.9
113	48	112904408.1
114	48	113903365
115	48	114905437.4
116	48	115904763.2
117	48	116907226
118	48	117906922
119	48	118909847.1
120	48	119909868.1
121	48	120912963.7
122	48	121913459.1
123	48	122916892.5
124	48	123917659.8
125	48	124921257.6
126	48	125922430.3
127	48	126926203.3
128	48	127927816.8
129	48	128932235.6
130	48	129934387.6
131	48	130940727.7
132	48	131945823.1
133	48	132952614
134	48	133957638
135	48	134964766
96	49	95959109
97	49	96949125
98	49	97942129
99	49	98934110
100	49	99931101.93
101	49	100926414
102	49	101924105.9
103	49	102919878.8
104	49	103918214.5
105	49	104914502.3
106	49	105913463.6
107	49	106910287.5
108	49	107909693.7
109	49	108907149.7
110	49	109907170.7
111	49	110905107.2
112	49	111905538.7
113	49	112904060.5
114	49	113904916.4
115	49	114903878.8
116	49	115905260
117	49	116904515.7
118	49	117906356.7
119	49	118905851.6
120	49	119907967.5
121	49	120907852.8
122	49	121910282.5
123	49	122910435.3
124	49	123913184.9
125	49	124913673.8
126	49	125916468.2
127	49	126917466
128	49	127920353.6
129	49	128921808.5
130	49	129924952.3
131	49	130926972.8
132	49	131932998.4
133	49	132938067
134	49	133944208
135	49	134949425
136	49	135956017
137	49	136961535
99	50	98948495
100	50	99938648.94
101	50	100935259.3
102	50	101930289.5
103	50	102927973
104	50	103923105.2
105	50	104921268.4
106	50	105916957.4
107	50	106915713.6
108	50	107911894.3
109	50	108911292.9
110	50	109907844.8
111	50	110907741.1
112	50	111904824.9
113	50	112905175.9
114	50	113902780.1
115	50	114903344.7
116	50	115901742.8
117	50	116902954
118	50	117901606.6
119	50	118903311.3
120	50	119902202.6
121	50	120904243.5
122	50	121903445.5
123	50	122905727.1
124	50	123905279.6
125	50	124907789.4
126	50	125907659
127	50	126910391.7
128	50	127910507.8
129	50	128913482.4
130	50	129913974.5
131	50	130917053.1
132	50	131917823.9
133	50	132923913.8
134	50	133928680.4
135	50	134934908.6
136	50	135939699
137	50	136946162
138	50	137951143
139	50	138957799
140	50	139962973
102	51	101945142
103	51	102939162
104	51	103936344
105	51	104931276.5
106	51	105928638
107	51	106924150.6
108	51	107922226.7
109	51	108918141.2
110	51	109916854.3
111	51	110913218.2
112	51	111912399.9
113	51	112909374.7
114	51	113909289.2
115	51	114906598
116	51	115906792.7
117	51	116904841.5
118	51	117905532.2
119	51	118903944.1
120	51	119905080.3
121	51	120903811.4
122	51	121905169.3
123	51	122904215.3
124	51	123905937.1
125	51	124905254.3
126	51	125907253.2
127	51	126906925.6
128	51	127909146.1
129	51	128909146.6
130	51	129911662.7
131	51	130911989.3
132	51	131914508
133	51	132915272.1
134	51	133920537.3
135	51	134925184.4
136	51	135930749
137	51	136935522.5
138	51	137941331
139	51	138946269
140	51	139952345
141	51	140957552
142	51	141963918
104	52	103946723.4
105	52	104943304.5
106	52	105937498.5
107	52	106934882
108	52	107929380.5
109	52	108927304.5
110	52	109922458.1
111	52	110921000.6
112	52	111916727.8
113	52	112915891
114	52	113912087.8
115	52	114911902
116	52	115908465.6
117	52	116908646.2
118	52	117905860.1
119	52	118906405.7
120	52	119904065.8
121	52	120904945.1
122	52	121903044.7
123	52	122904271
124	52	123902818.3
125	52	124904431.2
126	52	125903312.1
127	52	126905227
128	52	127904461.2
129	52	128906596.4
130	52	129906222.7
131	52	130908522.2
132	52	131908546.7
133	52	132910963.3
134	52	133911396.4
135	52	134916554.7
136	52	135920101.2
137	52	136925599.4
138	52	137929472.5
139	52	138935367.2
140	52	139939487.1
141	52	140945604
142	52	141950027
143	52	142956489
144	52	143961116
145	52	144967783
106	53	105953516
107	53	106946935
108	53	107943348
109	53	108938086
110	53	109935085.1
111	53	110930269.2
112	53	111928004.5
113	53	112923650.1
114	53	113922018.9
115	53	114918048
116	53	115916885.5
117	53	116913645.6
118	53	117913074
119	53	118910060.9
120	53	119910093.7
121	53	120907411.5
122	53	121907590.1
123	53	122905589.8
124	53	123906210.3
125	53	124904630.6
126	53	125905624.2
127	53	126904472.6
128	53	127905809.4
129	53	128904983.6
130	53	129906670.2
131	53	130906126.4
132	53	131907993.5
133	53	132907828.4
134	53	133909775.7
135	53	134910059.4
136	53	135914604.7
137	53	136918028.2
138	53	137922726.4
139	53	138926493.4
140	53	139931715.9
141	53	140935666.1
142	53	141941166.6
143	53	142945475
144	53	143951336
145	53	144955845
146	53	145961846
147	53	146966505
108	54	107954232.3
109	54	108950435
110	54	109944258.8
111	54	110941470
112	54	111935559.1
113	54	112933221.7
114	54	113927980.3
115	54	114926293.9
116	54	115921581
117	54	116920358.8
118	54	117916178.7
119	54	118915410.6
120	54	119911784.3
121	54	120911453
122	54	121908367.7
123	54	122908482.2
124	54	123905885.2
125	54	124906387.6
126	54	125904297.4
127	54	126905183.6
128	54	127903530.8
129	54	128904780.9
130	54	129903509.3
131	54	130905084.1
132	54	131904155.1
133	54	132905910.7
134	54	133905393
135	54	134907231.4
136	54	135907214.5
137	54	136911557.8
138	54	137914146.3
139	54	138918792.2
140	54	139921645.8
141	54	140926787.2
142	54	141929973.1
143	54	142935369.6
144	54	143938945.1
145	54	144944719.6
146	54	145948518.2
147	54	146954482
148	54	147958508
149	54	148964573
150	54	149968878
111	55	110953945
112	55	111950172
113	55	112944428.5
114	55	113941292.2
115	55	114935910
116	55	115933395
117	55	116928616.7
118	55	117926559.5
119	55	118922377.3
120	55	119920677.3
121	55	120917227.2
122	55	121916108.1
123	55	122912996.1
124	55	123912247.4
125	55	124909726
126	55	125909445.8
127	55	126907417.5
128	55	127907748.5
129	55	128906065.9
130	55	129906709.3
131	55	130905468.5
132	55	131906437.7
133	55	132905452
134	55	133906718.5
135	55	134905976.9
136	55	135907311.4
137	55	136907089.3
138	55	137911017.1
139	55	138913363.8
140	55	139917283.7
141	55	140920045.3
142	55	141924299.5
143	55	142927347.3
144	55	143932075.4
145	55	144935528.9
146	55	145940621.9
147	55	146944261.5
148	55	147949639
149	55	148953516
150	55	149959023
151	55	150963199
152	55	151968728
113	56	112957370
114	56	113950718.5
115	56	114947482
116	56	115941621
117	56	116938316.4
118	56	117933226
119	56	118930659.7
120	56	119926045
121	56	120924052.3
122	56	121919904
123	56	122918781.1
124	56	123915093.6
125	56	124914471.8
126	56	125911250.2
127	56	126911091.3
128	56	127908352.4
129	56	128908683.4
130	56	129906326
131	56	130906946.3
132	56	131905061.2
133	56	132906007.4
134	56	133904508.2
135	56	134905688.4
136	56	135904575.8
137	56	136905827.2
138	56	137905247.1
139	56	138908841.2
140	56	139910608.2
141	56	140914403.7
142	56	141916432.9
143	56	142920625.1
144	56	143922954.8
145	56	144927518.4
146	56	145930363.2
147	56	146935303.9
148	56	147938223
149	56	148943284
150	56	149946441.1
151	56	150951755
152	56	151955330
153	56	152960848
154	56	153964659
116	57	115957005
117	57	116950326
118	57	117946731
119	57	118940934
120	57	119938196
121	57	120933236
122	57	121930710
123	57	122926300
124	57	123924574.3
125	57	124920815.9
126	57	125919512.7
127	57	126916375.1
128	57	127915592.1
129	57	128912695.6
130	57	129912369.4
131	57	130910070
132	57	131910119
133	57	132908218
134	57	133908514
135	57	134906984.4
136	57	135907635
137	57	136906450.4
138	57	137907124
139	57	138906362.9
140	57	139909487.3
141	57	140910971.2
142	57	141914090.8
143	57	142916079.5
144	57	143919645.6
145	57	144921808.1
146	57	145925688
147	57	146928417.8
148	57	147932679.4
149	57	148935351.3
150	57	149939547.5
151	57	150942769
152	57	151947085
153	57	152950553
154	57	153955416
155	57	154959280
156	57	155964519
157	57	156968792
119	58	118952957
120	58	119946613
121	58	120943435
122	58	121937870
123	58	122935280
124	58	123930310
125	58	124928440
126	58	125923971
127	58	126922727
128	58	127918911
129	58	128918102
130	58	129914736
131	58	130914429.5
132	58	131911466.2
133	58	132911520.4
134	58	133908928.1
135	58	134909160.7
136	58	135907129.3
137	58	136907762.4
138	58	137905994.2
139	58	138906647
140	58	139905448.4
141	58	140908286
142	58	141909250.2
143	58	142912392
144	58	143913652.8
145	58	144917265.1
146	58	145918812.3
147	58	146922689.9
148	58	147924424.2
149	58	148928426.9
150	58	149930384
151	58	150934272.2
152	58	151936682
153	58	152941052
154	58	153943940
155	58	154948706
156	58	155951884
157	58	156957133
158	58	157960773
159	58	158966355
121	59	120955393
122	59	121951927
123	59	122946076
124	59	123942940
125	59	124937659
126	59	125935240
127	59	126930710
128	59	127928791
129	59	128925095
130	59	129923590
131	59	130920235
132	59	131919240
133	59	132916330.6
134	59	133915696.7
135	59	134913111.8
136	59	135912677.5
137	59	136910679.2
138	59	137910757.5
139	59	138908932.7
140	59	139909085.6
141	59	140907659.6
142	59	141910051.6
143	59	142910822.6
144	59	143913310.7
145	59	144914518
146	59	145917687.6
147	59	146919007.4
148	59	147922130
149	59	148923736.1
150	59	149926676.4
151	59	150928309.1
152	59	151931552.9
153	59	152933903.5
154	59	153937885.2
155	59	154940509.2
156	59	155944766.9
157	59	156948003.1
158	59	157952603
159	59	158956232
160	59	159961138
161	59	160965121
124	60	123951873
125	60	124948395
126	60	125942694
127	60	126939978
128	60	127935018
129	60	128933038
130	60	129928506
131	60	130927248
132	60	131923321.2
133	60	132922348
134	60	133918790.2
135	60	134918181.3
136	60	135914976.1
137	60	136914563.1
138	60	137911950.9
139	60	138911951.2
140	60	139909546.1
141	60	140909616.7
142	60	141907728.8
143	60	142909819.8
144	60	143910092.8
145	60	144912579.2
146	60	145913122.5
147	60	146916106
148	60	147916899
149	60	148920154.6
150	60	149920901.3
151	60	150923839.4
152	60	151924691.2
153	60	152927717.9
154	60	153929597.4
155	60	154933135.6
156	60	155935370.4
157	60	156939351.1
158	60	157942205.6
159	60	158946619.1
160	60	159949839.2
161	60	160954664
162	60	161958121
163	60	162963414
126	61	125957327
127	61	126951358
128	61	127948234
129	61	128942909
130	61	129940451
131	61	130935834
132	61	131933840
133	61	132929782
134	61	133928326
135	61	134924785
136	61	135923595.9
137	61	136920479.5
138	61	137919576.1
139	61	138916799.2
140	61	139916035.9
141	61	140913555.1
142	61	141912891
143	61	142910938.1
144	61	143912596.2
145	61	144912755.7
146	61	145914702.2
147	61	146915144.9
148	61	147917481.1
149	61	148918341.5
150	61	149920990
151	61	150921216.6
152	61	151923505.2
153	61	152924156.3
154	61	153926712.8
155	61	154928137
156	61	155931114.1
157	61	156933121.3
158	61	157936546.9
159	61	158939286.4
160	61	159943215.3
161	61	160946229.8
162	61	161950574
163	61	162953881
164	61	163958819
165	61	164962780
128	62	127957971
129	62	128954557
130	62	129948792
131	62	130946022
132	62	131940805
133	62	132938560
134	62	133934110
135	62	134932520
136	62	135928275.6
137	62	136927008
138	62	137923244
139	62	138922296.6
140	62	139918994.7
141	62	140918481.5
142	62	141915209.4
143	62	142914634.8
144	62	143912006.3
145	62	144913417.2
146	62	145913046.8
147	62	146914904.4
148	62	147914829.2
149	62	148917191.2
150	62	149917282
151	62	150919938.9
152	62	151919738.6
153	62	152922103.6
154	62	153922215.8
155	62	154924646.6
156	62	155925538.2
157	62	156928418.6
158	62	157929949.3
159	62	158933217.1
160	62	159935337
161	62	160939160.1
162	62	161941621.7
163	62	162945679.1
164	62	163948550.1
165	62	164953290
166	62	165956575
167	62	166962072
168	62	167966033
130	63	129964022
131	63	130957634
132	63	131954696
133	63	132949290
134	63	133946537
135	63	134941870
136	63	135939620
137	63	136935430.7
138	63	137933709
139	63	138929792.3
140	63	139928087.6
141	63	140924931.7
142	63	141923446.7
143	63	142920298.7
144	63	143918819.5
145	63	144916272.7
146	63	145917210.9
147	63	146916752.4
148	63	147918091.3
149	63	148917936.9
150	63	149919707.1
151	63	150919856.6
152	63	151921751
153	63	152921236.8
154	63	153922985.7
155	63	154922899.8
156	63	155924763
157	63	156925432.6
158	63	157927782.2
159	63	158929099.5
160	63	159931837
161	63	160933664
162	63	161936958.3
163	63	162939265.5
164	63	163942852.9
165	63	164945540.1
166	63	165949813
167	63	166953011
168	63	167957863
169	63	168961717
170	63	169966870
133	64	132961288
134	64	133955416
135	64	134952496
136	64	135947300
137	64	136945020
138	64	137940247
139	64	138938130
140	64	139933674
141	64	140932126
142	64	141928116
143	64	142926750.7
144	64	143922963
145	64	144921710.1
146	64	145918318.5
147	64	146919101
148	64	147918121.4
149	64	148919347.7
150	64	149918663.9
151	64	150920354.9
152	64	151919798.4
153	64	152921756.9
154	64	153920873
155	64	154922629.4
156	64	155922130.1
157	64	156923967.4
158	64	157924111.2
159	64	158926395.8
160	64	159927061.2
161	64	160929676.3
162	64	161930991.8
163	64	162934096.6
164	64	163935916.2
165	64	164939317.1
166	64	165941630.4
167	64	166945490
168	64	167948309
169	64	168952882
170	64	169956146
171	64	170961127
172	64	171964605
135	65	134964516
136	65	135961460
137	65	136956020
138	65	137953193
139	65	138948330
140	65	139945805
141	65	140941448
142	65	141939280.9
143	65	142935137.3
144	65	143933045
145	65	144928717
146	65	145927252.7
147	65	146924054.6
148	65	147924275.5
149	65	148923253.8
150	65	149923664.8
151	65	150923109
152	65	151924081.9
153	65	152923441.7
154	65	153924683.7
155	65	154923509.5
156	65	155924754.2
157	65	156924031.9
158	65	157925419.9
159	65	158925353.7
160	65	159927174.6
161	65	160927576.8
162	65	161929275.4
163	65	162930653.6
164	65	163933327.6
165	65	164934955.2
166	65	165937939.7
167	65	166940007
168	65	167943337.1
169	65	168945807
170	65	169949855
171	65	170953011
172	65	171957391
173	65	172960805
174	65	173965679
138	66	137962500
139	66	138959527
140	66	139954020
141	66	140951280
142	66	141946194
143	66	142943994.3
144	66	143939269.5
145	66	144937474
146	66	145932844.5
147	66	146931082.7
148	66	147927149.9
149	66	148927327.5
150	66	149925593.1
151	66	150926191.3
152	66	151924725.3
153	66	152925771.7
154	66	153924428.9
155	66	154925758
156	66	155924283.6
157	66	156925469.6
158	66	157924414.8
159	66	158925745.9
160	66	159925203.6
161	66	160926939.4
162	66	161926804.5
163	66	162928737.2
164	66	163929180.8
165	66	164931709.4
166	66	165932812.8
167	66	166935682.4
168	66	167937135
169	66	168940315.2
170	66	169942340
171	66	170946312
172	66	171948728
173	66	172953043
174	66	173955845
175	66	174960569
176	66	175963918
140	67	139968526
141	67	140963108
142	67	141960010
143	67	142954860
144	67	143952109.7
145	67	144947267.4
146	67	145944993.5
147	67	146940142.3
148	67	147937743.9
149	67	148933820.5
150	67	149933498.4
151	67	150931698.2
152	67	151931717.6
153	67	152930206.7
154	67	153930606.8
155	67	154929103.4
156	67	155929641.6
157	67	156928252
158	67	157928944.9
159	67	158927718.7
160	67	159928735.5
161	67	160927861.8
162	67	161929102.5
163	67	162928740.3
164	67	163930240.5
165	67	164930329.1
166	67	165932291.2
167	67	166933140.3
168	67	167935523.8
169	67	168936879.9
170	67	169939626.5
171	67	170941472.7
172	67	171944730
173	67	172947020
174	67	173950757
175	67	174953516
176	67	175957713
177	67	176961052
178	67	177965507
142	68	141970016
143	68	142966548
144	68	143960700
145	68	144957874
146	68	145952418.4
147	68	146949964.5
148	68	147944735
149	68	148942306
150	68	149937915.5
151	68	150937448.6
152	68	151935050.3
153	68	152935086.4
154	68	153932790.8
155	68	154933215.7
156	68	155931065.9
157	68	156931922.7
158	68	157929893.5
159	68	158930690.8
160	68	159929077.2
161	68	160930003.5
162	68	161928787.3
163	68	162930039.9
164	68	163929207.7
165	68	164930733.5
166	68	165930301.1
167	68	166932056.2
168	68	167932378.3
169	68	168934598.4
170	68	169935471.9
171	68	170938037.4
172	68	171939363.5
173	68	172942400
174	68	173944230
175	68	174947770
176	68	175949940
177	68	176953990
178	68	177956779
179	68	178961267
180	68	179964380
144	69	143976211
145	69	144970389
146	69	145966661
147	69	146961379.9
148	69	147958384
149	69	148952828
150	69	149950090
151	69	150945494.4
152	69	151944476
153	69	152942058
154	69	153941570.1
155	69	154939209.6
156	69	155938985.7
157	69	156936973
158	69	157936979.5
159	69	158934975
160	69	159935264.2
161	69	160933549
162	69	161934001.2
163	69	162932658.3
164	69	163933538
165	69	164932441.8
166	69	165933562.1
167	69	166932857.2
168	69	167934178.5
169	69	168934219
170	69	169935807.1
171	69	170936435.2
172	69	171938407
173	69	172939606.6
174	69	173942174.1
175	69	174943842.3
176	69	175946997.7
177	69	176948932
178	69	177952506
179	69	178955018
180	69	179959023
181	69	180961954
182	69	181966194
148	70	147967547
149	70	148964219
150	70	149958314
151	70	150955402.5
152	70	151950326.7
153	70	152949372
154	70	153946395.7
155	70	154945783.2
156	70	155942817.1
157	70	156942651.4
158	70	157939871.2
159	70	158940060.3
160	70	159937559.2
161	70	160937912.4
162	70	161935779.3
163	70	162936345.4
164	70	163934500.7
165	70	164935270.2
166	70	165933876.4
167	70	166934954.1
168	70	167933891.3
169	70	168935184.2
170	70	169934767.2
171	70	170936331.5
172	70	171936386.7
173	70	172938216.2
174	70	173938867.5
175	70	174941281.9
176	70	175942574.7
177	70	176945263.8
178	70	177946669.4
179	70	178949930
180	70	179951991
181	70	180955890
182	70	181958239
183	70	182962426
184	70	183965002
185	70	184969425
150	71	149973407
151	71	150967471
152	71	151964120
153	71	152958802.2
154	71	153957416
155	71	154954326
156	71	155953086.6
157	71	156950144.8
158	71	157949315.6
159	71	158946635.6
160	71	159946033
161	71	160943572
162	71	161943282.8
163	71	162941179
164	71	163941339
165	71	164939406.8
166	71	165939859
167	71	166938243
168	71	167938729.8
169	71	168937645.8
170	71	169938479.2
171	71	170937918.6
172	71	171939091.3
173	71	172938935.7
174	71	173940342.8
175	71	174940777.2
176	71	175942691.7
177	71	176943763.6
178	71	177945960.1
179	71	178947333
180	71	179949890.7
181	71	180951908
182	71	181955158
183	71	182957363
184	71	183961030
185	71	184963542
186	71	185967450
187	71	186970188
188	71	187974428
153	72	152970692
154	72	153964863
155	72	154963167
156	72	155959399.1
157	72	156958288
158	72	157954801.2
159	72	158953995.8
160	72	159950682.7
161	72	160950277.9
162	72	161947215.5
163	72	162947107.2
164	72	163944370.7
165	72	164944567
166	72	165942180
167	72	166942600
168	72	167940568
169	72	168941259
170	72	169939609
171	72	170940492
172	72	171939449.7
173	72	172940513
174	72	173940048.4
175	72	174941511.4
176	72	175941409.8
177	72	176943230.2
178	72	177943708.3
179	72	178945825.7
180	72	179946559.5
181	72	180949110.8
182	72	181950563.7
183	72	182953533.2
184	72	183955448.5
185	72	184958862
186	72	185960897
187	72	186964573
188	72	187966903
189	72	188970853
190	72	189973376
155	73	154974248
156	73	155972087
157	73	156968227.4
158	73	157966593
159	73	158963028
160	73	159961541.7
161	73	160958369.5
162	73	161957292.9
163	73	162954337.2
164	73	163953534
165	73	164950780.3
166	73	165950512
167	73	166948093
168	73	167948047
169	73	168946011
170	73	169946175
171	73	170944476
172	73	171944895
173	73	172943750
174	73	173944454
175	73	174943737
176	73	175944857
177	73	176944481.9
178	73	177945680
179	73	178945939.1
180	73	179947467.6
181	73	180947998.5
182	73	181950154.6
183	73	182951375.4
184	73	183954010
185	73	184955561.3
186	73	185958553
187	73	186960391
188	73	187963596
189	73	188965690
190	73	189969168
191	73	190971530
192	73	191975201
193	73	192977660
194	73	193981610
157	74	156978862
158	74	157974565
159	74	158972696
160	74	159968513.9
161	74	160967249
162	74	161963500.3
163	74	162962524.3
164	74	163958952.4
165	74	164958280.7
166	74	165955032
167	74	166954811.1
168	74	167951805.5
169	74	168951778.7
170	74	169949231.2
171	74	170949451
172	74	171947292
173	74	172947689
174	74	173946079
175	74	174946717
176	74	175945634
177	74	176946643
178	74	177945885.8
179	74	178947079.4
180	74	179946713.3
181	74	180948218.7
182	74	181948205.6
183	74	182950224.4
184	74	183950933.2
185	74	184953421.2
186	74	185954365.1
187	74	186957161.2
188	74	187958488.3
189	74	188961557
190	74	189963103.5
191	74	190966531
192	74	191968202
193	74	192971884
194	74	193973795
195	74	194977735
196	74	195979882
197	74	196984036
159	75	158984106
160	75	159981880
161	75	160977624.3
162	75	161975896
163	75	162972085.4
164	75	163970507.1
165	75	164967085.8
166	75	165965821.2
167	75	166962604
168	75	167961572.6
169	75	168958766
170	75	169958234.8
171	75	170955716
172	75	171955376.2
173	75	172953243
174	75	173953115
175	75	174951381
176	75	175951623
177	75	176950328
178	75	177950989
179	75	178949989.7
180	75	179950791.6
181	75	180950061.5
182	75	181951211.6
183	75	182950821.3
184	75	183952528.1
185	75	184952958.3
186	75	185954989.2
187	75	186955752.2
188	75	187958113.7
189	75	188959227.8
190	75	189961800.1
191	75	190963123.3
192	75	191966088
193	75	192967545
194	75	193970735
195	75	194972560
196	75	195975996
197	75	196978153
198	75	197981760
199	75	198984187
161	76	160989054
162	76	161984434
163	76	162982462
164	76	163978073.2
165	76	164976654
166	76	165972698.1
167	76	166971552.3
168	76	167967799.1
169	76	168967017.5
170	76	169963579.3
171	76	170963180.4
172	76	171960017.3
173	76	172959808.4
174	76	173957063.2
175	76	174956945.1
176	76	175954770.3
177	76	176954957.9
178	76	177953253.3
179	76	178953816
180	76	179952381.7
181	76	180953247.2
182	76	181952110.2
183	76	182953125
184	76	183952492.9
185	76	184954046
186	76	185953837.6
187	76	186955749.6
188	76	187955837.3
189	76	188958145.9
190	76	189958445.4
191	76	190960928.1
192	76	191961478.8
193	76	192964149.6
194	76	193965179.4
195	76	194968318
196	76	195969643.3
197	76	196973076
198	76	197974664
199	76	198978239
200	76	199980086
201	76	200984069
202	76	201986548
203	76	202992195
163	77	162994299
164	77	163991966
165	77	164987552
166	77	165985716
167	77	166981672
168	77	167979961
169	77	168976281.7
170	77	169975113
171	77	170971645.5
172	77	171970607
173	77	172967505.5
174	77	173966949.9
175	77	174964149.5
176	77	175963626.3
177	77	176961301.5
178	77	177961079.4
179	77	178959117.6
180	77	179959229.4
181	77	180957634.7
182	77	181958076.3
183	77	182956841.2
184	77	183957476
185	77	184956698
186	77	185957946.8
187	77	186957542
188	77	187958835
189	77	188958722.6
190	77	189960543.4
191	77	190960591.5
192	77	191962602.4
193	77	192962923.8
194	77	193965075.7
195	77	194965976.9
196	77	195968399.7
197	77	196969657.2
198	77	197972399
199	77	198973807.1
200	77	199976844
201	77	200978701
202	77	201982136
203	77	202984573
204	77	203989726
205	77	204993988
165	78	164999658
166	78	165994866
167	78	166992750
168	78	167988180.2
169	78	168986619
170	78	169982502.1
171	78	170981248.9
172	78	171977341.1
173	78	172976449.9
174	78	173972820.4
175	78	174972400.6
176	78	175968938.2
177	78	176968469.5
178	78	177965649.3
179	78	178965358.7
180	78	179963038
181	78	180963089.9
182	78	181961171.6
183	78	182961595.9
184	78	183959921.9
185	78	184960613.7
186	78	185959350.8
187	78	186960616.6
188	78	187959397.5
189	78	188960848.5
190	78	189959949.8
191	78	190961676.3
192	78	191961042.7
193	78	192962984.5
194	78	193962683.5
195	78	194964794.3
196	78	195964954.6
197	78	196967343
198	78	197967896.7
199	78	198970597
200	78	199971444.6
201	78	200974513.3
202	78	201975639
203	78	202979055
204	78	203981084
205	78	204986237
206	78	205990080
207	78	206995556
208	78	207999463
168	79	168002716
169	79	168998080
170	79	169996024
171	79	170991881.5
172	79	171989996.7
173	79	172986224.3
174	79	173984908
175	79	174981316.4
176	79	175980116.9
177	79	176976869.7
178	79	177976056.7
179	79	178973173.7
180	79	179972489.7
181	79	180970079.1
182	79	181969614.4
183	79	182967588.1
184	79	183967451.5
185	79	184965798.9
186	79	185965952.7
187	79	186964542.1
188	79	187965248
189	79	188963948.3
190	79	189964751.7
191	79	190963716.5
192	79	191964817.6
193	79	192964138.4
194	79	193965419.1
195	79	194965037.8
196	79	195966571.2
197	79	196966570.1
198	79	197968243.7
199	79	198968766.6
200	79	199970756.6
201	79	200971657.7
202	79	201973856
203	79	202975154.5
204	79	203978110
205	79	204980064
206	79	205984766
207	79	206988577
208	79	207993655
209	79	208997606
210	79	210002877
170	80	170005814
171	80	171003585
172	80	171998860.6
173	80	172997143
174	80	173992870.6
175	80	174991444.5
176	80	175987348.7
177	80	176986284.6
178	80	177982484.8
179	80	178981821.8
180	80	179978260.2
181	80	180977819.4
182	80	181974689.2
183	80	182974444.7
184	80	183971717.7
185	80	184971890.7
186	80	185969362.1
187	80	186969813.5
188	80	187967580.7
189	80	188968194.8
190	80	189966322.3
191	80	190967158.3
192	80	191965634.3
193	80	192966653.4
194	80	193965449.1
195	80	194966705.8
196	80	195965833.4
197	80	196967213.7
198	80	197966769.2
199	80	198968281
200	80	199968326.9
201	80	200970303.1
202	80	201970643.6
203	80	202972872.4
204	80	203973494
205	80	204976073.2
206	80	205977513.8
207	80	206982300
208	80	207985759
209	80	208990757
210	80	209994310
211	80	210999581
212	80	212003242
213	80	213008803
214	80	214012636
215	80	215018368
216	80	216022459
176	81	176000627.7
177	81	176996414.3
178	81	177995047
179	81	178991122.2
180	81	179989919
181	81	180986260
182	81	181985692.6
183	81	182982192.8
184	81	183981875
185	81	184978789.2
186	81	185978654.8
187	81	186975904.7
188	81	187976020.9
189	81	188973573.5
190	81	189973841.8
191	81	190971784.1
192	81	191972225
193	81	192970502
194	81	193971081.4
195	81	194969774.1
196	81	195970481.2
197	81	196969560.5
198	81	197970446.7
199	81	198969877
200	81	199970963.6
201	81	200970820.2
202	81	201972108.9
203	81	202972344.1
204	81	203973863.4
205	81	204974427.3
206	81	205976110.1
207	81	206977418.6
208	81	207982018
209	81	208985351.7
210	81	209990072.9
211	81	210993475
212	81	211998335
213	81	213001915
214	81	214006940
215	81	215010768
216	81	216015964
217	81	217020032
218	81	218025454
178	82	178003836.2
179	82	179002202.5
180	82	179997916.2
181	82	180996660.6
182	82	181992673.5
183	82	182991862.5
184	82	183988135.6
185	82	184987610
186	82	185984239.4
187	82	186983910.8
188	82	187980879.1
189	82	188980843.7
190	82	189978081.9
191	82	190978216.5
192	82	191975789.6
193	82	192976135.9
194	82	193974011.8
195	82	194974516.2
196	82	195972787.6
197	82	196973434.7
198	82	197972015.5
199	82	198972912.6
200	82	199971818.5
201	82	200972870.4
202	82	201972151.6
203	82	202973390.6
204	82	203973043.5
205	82	204974481.7
206	82	205974465.2
207	82	206975896.8
208	82	207976652
209	82	208981090
210	82	209984188.4
211	82	210988735.3
212	82	211991895.9
213	82	212996560.8
214	82	213999803.5
215	82	215004661.6
216	82	216008062
217	82	217013162
218	82	218016779
219	82	219022136
220	82	220025905
184	83	184001347
185	83	184997600
186	83	185996623.2
187	83	186993147.3
188	83	187992276.1
189	83	188989195.1
190	83	189988624.8
191	83	190985787
192	83	191985470.1
193	83	192982947.2
194	83	193982798.6
195	83	194980648.8
196	83	195980666.5
197	83	196978864.9
198	83	197979201.3
199	83	198977672.8
200	83	199978131.3
201	83	200976995
202	83	201977723
203	83	202976892.1
204	83	203977835.7
205	83	204977385.2
206	83	205978498.8
207	83	206978470.6
208	83	207979742.1
209	83	208980398.6
210	83	209984120.2
211	83	210987268.7
212	83	211991285
213	83	212994383.6
214	83	213998710.9
215	83	215001749.1
216	83	216006306
217	83	217009372
218	83	218014188
219	83	219017520
220	83	220022501
221	83	221025980
222	83	222031079
223	83	223034611
224	83	224039796
186	84	186004403.2
187	84	187003031.5
188	84	187999415.6
189	84	188998473.4
190	84	189995101.7
191	84	190994558.5
192	84	191991340.3
193	84	192991062.4
194	84	193988186.1
195	84	194988065.8
196	84	195985540.7
197	84	196985621.9
198	84	197983388.8
199	84	198983640.4
200	84	199981812.4
201	84	200982263.8
202	84	201980738.9
203	84	202981416.1
204	84	203980310.1
205	84	204981190
206	84	205980473.7
207	84	206981593.3
208	84	207981246
209	84	208982430.4
210	84	209982873.7
211	84	210986653.2
212	84	211988868
213	84	212992857.2
214	84	213995201.3
215	84	214999418.4
216	84	216001913.4
217	84	217006316.1
218	84	218008971.2
219	84	219013614
220	84	220016386
221	84	221021228
222	84	222024140
223	84	223029070
224	84	224032110
225	84	225037123
226	84	226040310
227	84	227045390
191	85	191004148.1
192	85	192003140.9
193	85	192999927.7
194	85	193999230.8
195	85	194996274.5
196	85	195995799
197	85	196993177.4
198	85	197992797.9
199	85	198990527.7
200	85	199990351.1
201	85	200988417.1
202	85	201988625.7
203	85	202986942.9
204	85	203987251.4
205	85	204986060.5
206	85	205986645.8
207	85	206985799.7
208	85	207986613
209	85	208986168.7
210	85	209987147.4
211	85	210987496.2
212	85	211990737.3
213	85	212992936.6
214	85	213996372.3
215	85	214998651
216	85	216002422.6
217	85	217004717.8
218	85	218008695.9
219	85	219011160.6
220	85	220015433
221	85	221018017
222	85	222022494
223	85	223025151
224	85	224029749
225	85	225032528
226	85	226037209
227	85	227040183
228	85	228044960
229	85	229048191
193	86	193009708
194	86	194006145.6
195	86	195005421.7
196	86	196002120.4
197	86	197001621.4
198	86	197998679.2
199	86	198998325.4
200	86	199995705.3
201	86	200995590.5
202	86	201993264
203	86	202993361.2
204	86	203991443.7
205	86	204991723.2
206	86	205990195.4
207	86	206990730.2
208	86	207989634.5
209	86	208990401.4
210	86	209989688.9
211	86	210990600.8
212	86	211990703.9
213	86	212993885.1
214	86	213995362.7
215	86	214998745
216	86	216000271.9
217	86	217003927.6
218	86	218005601.1
219	86	219009478.7
220	86	220011392.4
221	86	221015535.6
222	86	222017576
223	86	223021889.3
224	86	224024095.8
225	86	225028485.6
226	86	226030861.4
227	86	227035304.4
228	86	228037835.4
229	86	229042257.3
230	86	230045271
231	86	231049973
197	87	197011008.1
198	87	198010282.1
199	87	199007269.4
200	87	200006584.7
201	87	201003852.5
202	87	202003329.6
203	87	203000940.9
204	87	204000652
205	87	204998593.9
206	87	205998661.4
207	87	206996941.5
208	87	207997139.1
209	87	208995939.7
210	87	209996410.6
211	87	210995555.2
212	87	211996225.4
213	87	212996184.4
214	87	213998971.2
215	87	215000341.5
216	87	216003189.5
217	87	217004632
218	87	218007578.6
219	87	219009250.7
220	87	220012326.8
221	87	221014253.7
222	87	222017582.6
223	87	223019734.2
224	87	224023348.1
225	87	225025572.5
226	87	226029544.5
227	87	227031865.4
228	87	228035839.4
229	87	229038291.4
230	87	230042390.8
231	87	231045175.4
232	87	232049461.2
233	87	233052517.8
201	88	201012814.7
202	88	202009742.3
203	88	203009233.9
204	88	204006506.9
205	88	205006230.7
206	88	206003827.8
207	88	207003772.4
208	88	208001855
209	88	209001994.9
210	88	210000475.4
211	88	211000893
212	88	211999786.6
213	88	213000371
214	88	214000099.6
215	88	215002718.2
216	88	216003533.5
217	88	217006322.7
218	88	218007134.3
219	88	219010084.7
220	88	220011027.5
221	88	221013917.3
222	88	222015373.4
223	88	223018500.6
224	88	224020210.4
225	88	225023610.5
226	88	226025408.2
227	88	227029176.2
228	88	228031068.6
229	88	229034956.7
230	88	230037054.8
231	88	231041027.1
232	88	232043475.3
233	88	233047594.6
234	88	234050382.1
235	88	235054890
205	89	205015144.2
206	89	206014476.5
207	89	207011966
208	89	208011552.3
209	89	209009495.4
210	89	210009408.6
211	89	211007668.8
212	89	212007836.4
213	89	213006592.7
214	89	214006906.4
215	89	215006474.1
216	89	216008749.1
217	89	217009342.3
218	89	218011648.9
219	89	219012420.4
220	89	220014754.5
221	89	221015599.7
222	89	222017844.2
223	89	223019136
224	89	224021722.2
225	89	225023228.6
226	89	226026097
227	89	227027750.6
228	89	228031019.7
229	89	229032947
230	89	230036327
231	89	231038393
232	89	232042034
233	89	233044346
234	89	234048139
235	89	235050840
236	89	236054988
237	89	237057993
208	90	208017915.3
209	90	209017601
210	90	210015093.5
211	90	211014896.9
212	90	212013001.6
213	90	213013011.5
214	90	214011481.5
215	90	215011724.6
216	90	216011055.9
217	90	217013103.4
218	90	218013276.2
219	90	219015526.4
220	90	220015769.9
221	90	221018185.8
222	90	222018468.2
223	90	223020811.1
224	90	224021466.1
225	90	225023951
226	90	226024903.7
227	90	227027702.5
228	90	228028739.7
229	90	229031761.4
230	90	230033132.3
231	90	231036302.8
232	90	232038053.6
233	90	233041580.1
234	90	234043599.8
235	90	235047255
236	90	236049657
237	90	237053629
238	90	238056388
239	90	239060655
211	91	211023674
212	91	212023184.8
213	91	213021099.6
214	91	214020891.1
215	91	215019114
216	91	216019134.6
217	91	217018309
218	91	218020021.1
219	91	219019949.9
220	91	220021769.8
221	91	221021873.4
222	91	222023687.1
223	91	223023980.4
224	91	224025617.3
225	91	225026147.9
226	91	226027948.2
227	91	227028803.6
228	91	228031050.8
229	91	229032095.6
230	91	230034539.7
231	91	231035882.5
232	91	232038590.2
233	91	233040246.5
234	91	234043305.6
235	91	235045399
236	91	236048668
237	91	237051023
238	91	238054637
239	91	239057260
240	91	240061203
241	91	241064134
215	92	215026719.8
216	92	216024762.8
217	92	217024660
218	92	218023504.9
219	92	219025009.2
220	92	220024706
221	92	221026323.3
222	92	222026058
223	92	223027960.8
224	92	224027635.9
225	92	225029385.1
226	92	226029338.7
227	92	227031181.1
228	92	228031369
229	92	229033506
230	92	230033940.1
231	92	231036292.2
232	92	232037154.8
233	92	233039634.3
234	92	234040950.3
235	92	235043928.1
236	92	236045566.1
237	92	237048728.3
238	92	238050786.9
239	92	239054292
240	92	240056592.4
241	92	241060330
242	92	242062931
243	92	243067075
219	93	219031601.9
220	93	220032716.3
221	93	221032110
222	93	222033574.7
223	93	223032913.3
224	93	224034388
225	93	225033943.4
226	93	226035230.4
227	93	227034975
228	93	228036313
229	93	229036287.3
230	93	230037828.1
231	93	231038243.6
232	93	232040107
233	93	233040739.4
234	93	234042893.2
235	93	235044061.5
236	93	236046568.3
237	93	237048171.6
238	93	238050944.6
239	93	239052937.5
240	93	240056163.8
241	93	241058309.7
242	93	242061639.5
243	93	243064204
244	93	244067891
245	93	245070693
221	94	221038572
222	94	222037638
223	94	223038777
224	94	224037875
225	94	225038970
226	94	226038250
227	94	227039474
228	94	228038763.3
229	94	229040145.1
230	94	230039648.3
231	94	231041125.9
232	94	232041182.1
233	94	233042997.4
234	94	234043317.5
235	94	235045284.6
236	94	236046056.7
237	94	237048407.9
238	94	238049558.2
239	94	239052161.6
240	94	240053811.7
241	94	241056849.7
242	94	242058741
243	94	243062002.1
244	94	244064204.4
245	94	245067824.6
246	94	246070204.2
247	94	247074300
223	95	223045840
224	95	224046442
225	95	225045508
226	95	226046130
227	95	227045282
228	95	228046001
229	95	229045282.5
230	95	230046025
231	95	231045529
232	95	232046613
233	95	233046468
234	95	234047731
235	95	235047906.5
236	95	236049427
237	95	237049995
238	95	238051982.5
239	95	239053022.7
240	95	240055298.4
241	95	241056827.3
242	95	242059547.4
243	95	243061379.9
244	95	244064282.9
245	95	245066452.8
246	95	246069774
247	95	247072092
248	95	248075752
249	95	249078480
231	96	231050746
232	96	232049740
233	96	233050771.5
234	96	234050158.6
235	96	235051545
236	96	236051372.1
237	96	237052869
238	96	238053081.6
239	96	239054908.5
240	96	240055528.2
241	96	241057651.2
242	96	242058834.2
243	96	243061387.3
244	96	244062750.6
245	96	245065491
246	96	246067222
247	96	247070352.7
248	96	248072349.1
249	96	249075954
250	96	250078357.5
251	96	251082285
252	96	252084870
233	97	233056652
234	97	234057322
235	97	235056651
236	97	236057479
237	97	237057123
238	97	238058204
239	97	239058239
240	97	240059758
241	97	241060098
242	97	242061999
243	97	243063005.9
244	97	244065179
245	97	245066359.8
246	97	246068671.3
247	97	247070305.9
248	97	248073141.7
249	97	249074983.1
250	97	250078317.2
251	97	251080760.6
252	97	252084310
253	97	253086880
254	97	254090600
237	98	237062199.3
238	98	238061490
239	98	239062482
240	98	240062253.4
241	98	241063690
242	98	242063754.5
243	98	243065475
244	98	244065999.4
245	98	245068046.8
246	98	246068803.7
247	98	247070971.3
248	98	248072182.9
249	98	249074850.4
250	98	250076404.5
251	98	251079587.2
252	98	252081626.5
253	98	253085133.7
254	98	254087323.6
255	98	255091046
256	98	256093442
239	99	239068310
240	99	240068949
241	99	241068592
242	99	242069567
243	99	243069508
244	99	244070881
245	99	245071192
246	99	246072806.5
247	99	247073621.9
248	99	248075469
249	99	249076409
250	99	250078611
251	99	251079991.4
252	99	252082979.2
253	99	253084821.2
254	99	254088024.3
255	99	255090273.5
256	99	256093597
257	99	257095979
258	99	258099520
241	100	241074311
242	100	242073430
243	100	243074414
244	100	244074036
245	100	245075354
246	100	246075353.3
247	100	247076944
248	100	248077185.5
249	100	249078926
250	100	250079519.8
251	100	251081545.1
252	100	252082466
253	100	253085180.9
254	100	254086852.4
255	100	255089963.5
256	100	256091771.7
257	100	257095105.4
258	100	258097077
259	100	259100596
260	100	260102809
244	101	244081157
245	101	245080864
246	101	246081713
247	101	247081520
248	101	248082607
249	101	249082857.2
250	101	250084164.9
251	101	251084774.3
252	101	252086385
253	101	253087143
254	101	254089590
255	101	255091081.7
256	101	256093888
257	101	257095537.3
258	101	258098433.6
259	101	259100445
260	101	260103650
261	101	261105828
262	101	262109144
248	102	248086623
249	102	249087802
250	102	250087565
251	102	251088942
252	102	252088966.1
253	102	253090562.8
254	102	254090954.2
255	102	255093196.4
256	102	256094281.9
257	102	257096884.2
258	102	258098205
259	102	259100998.4
260	102	260102641
261	102	261105696
262	102	262107463
263	102	263110714
264	102	264112734
251	103	251094289
252	103	252095048
253	103	253095033.9
254	103	254096238.8
255	103	255096562.4
256	103	256098494
257	103	257099480
258	103	258101753
259	103	259102900
260	103	260105504
261	103	261106879
262	103	262109615
263	103	263111293
264	103	264114198
265	103	265116193
266	103	266119874
253	104	253100528
254	104	254100055
255	104	255101267
256	104	256101151.5
257	104	257102916.8
258	104	258103429.9
259	104	259105601
260	104	260106440
261	104	261108769.6
262	104	262109923
263	104	263112461
264	104	264113876
265	104	265116683
266	104	266118236
267	104	267121787
268	104	268123968
255	105	255106919
256	105	256107674
257	105	257107520
258	105	258108973
259	105	259109491.9
260	105	260111297
261	105	261111979
262	105	262114067
263	105	263114987
264	105	264117297
265	105	265118500
266	105	266121032
267	105	267122399
268	105	268125669
269	105	269127911
270	105	270131399
258	106	258113040
259	106	259114353
260	106	260114383.4
261	106	261115948.1
262	106	262116339
263	106	263118299
264	106	264118930
265	106	265121089
266	106	266121973
267	106	267124323
268	106	268125389
269	106	269128495
270	106	270130362
271	106	271133782
272	106	272135825
273	106	273139475
260	107	260121443
261	107	261121395.7
262	107	262122654.7
263	107	263122916
264	107	264124486
265	107	265124955
266	107	266126790
267	107	267127499
268	107	268129584
269	107	269130411
270	107	270133366
271	107	271135115
272	107	272138259
273	107	273140294
274	107	274143599
275	107	275145766
276	107	276149169
277	107	277151477
278	107	278154988
263	108	263128479
264	108	264128356.3
265	108	265129791.7
266	108	266130048.8
267	108	267131678
268	108	268132011
269	108	269133649
270	108	270134313
271	108	271137082
272	108	272138492
273	108	273141458
274	108	274143217
275	108	275146530
276	108	276148348
277	108	277151772
278	108	278153753
279	108	279157274
280	108	280159335
265	109	265135937
266	109	266137062.3
267	109	267137189
268	109	268138649
269	109	269138809
270	109	270140322
271	109	271140741
272	109	272143298
273	109	273144695
274	109	274147343
275	109	275148972
276	109	276151705
277	109	277153525
278	109	278156487
279	109	279158439
280	109	280161579
281	109	281163608
282	109	282166888
267	110	267143726
268	110	268143477
269	110	269144751
270	110	270144586.6
271	110	271145951
272	110	272146091
273	110	273148455
274	110	274149434
275	110	275152085
276	110	276153022
277	110	277155763
278	110	278157007
279	110	279159984
280	110	280161375
281	110	281164545
282	110	282166174
283	110	283169437
284	110	284171187
272	111	272153273
273	111	273153393
274	111	274155247
275	111	275156088
276	111	276158226
277	111	277159322
278	111	278161590
279	111	279162880
280	111	280165204
281	111	281166757
282	111	282169343
283	111	283171101
284	111	284173882
285	111	285175771
286	111	286178756
276	112	276161418
277	112	277163535
278	112	278164083
279	112	279166422
280	112	280167102
281	112	281169563
282	112	282170507
283	112	283173202
284	112	284174360
285	112	285177227
286	112	286178691
287	112	287181826
288	112	288183501
278	113	278170725
279	113	279171187
280	113	280173098
281	113	281173710
282	113	282175770
283	113	283176666
284	113	284178843
285	113	285180106
286	113	286182456
287	113	287184064
288	113	288186764
289	113	289188461
290	113	290191429
284	114	284181192
285	114	285183503
286	114	286184226
287	114	287186720
288	114	288187781
289	114	289190517
290	114	290191875
291	114	291194848
287	115	287190820
288	115	288192879
289	115	289193971
290	115	290196235
291	115	291197725
292	115	292200323
289	116	289198023
290	116	290198635
291	116	291201014
292	116	292201969
293	116	293204583
291	117	291205748
292	117	292207861
293	117	293208727
294	117	294210840
293	118	293213423
294	118	294213979
295	118	295216178